METRIC_KEY, METRIC_VALUE, METRIC_TIMESTAMP
1, 0, 1709116924452
1, 0, 1709146902752
3, 3, 1709146902752
2, 0, 1709146902752
3, 3, 1709151608363
2, 0, 1709151608363
3, 3, 1709116924452
2, 0, 1709116924452
1, 0, 1709147463262
3, 3, 1709147463262
2, 0, 1709147463262
1, 0, 1709151207165
1, 0, 1709151608363
3, 3, 1709151207165
2, 0, 1709151207165
1, 0, 1709646908789
3, 3, 1709661308788
2, 0, 1709661308788
3, 3, 1709657708788
2, 0, 1709657708788
1, 0, 1709661308788
3, 3, 1709654108788
2, 0, 1709654108788
1, 0, 1709657708788
1, 0, 1709746501674
3, 3, 1709646908789
2, 0, 1709646908789
1, 0, 1709650508788
3, 3, 1709650508788
2, 0, 1709650508788
1, 0, 1709654108788
1, 0, 1711559085772
3, 3, 1709746501674
2, 0, 1709746501674
3, 3, 1711559085772
2, 0, 1711559085772
1, 0, 1712066709174
1, 0, 1712146111083
3, 3, 1712066709174
2, 0, 1712066709174
1, 0, 1712147268208
3, 3, 1712146111083
2, 0, 1712146111083
1, 0, 1712154988019
3, 3, 1712147268208
2, 0, 1712147268208
3, 3, 1712220379329
1, 0, 1712222512766
2, 0, 1712220379329
3, 3, 1712154988019
2, 0, 1712154988019
1, 0, 1712220379329
1, 0, 1712223456315
3, 3, 1712222512766
2, 0, 1712222512766
3, 3, 1712224426280
1, 0, 1712228402642
2, 0, 1712224426280
3, 3, 1712223456315
2, 0, 1712223456315
1, 0, 1712224426280
1, 0, 1712235745461
3, 3, 1712228402642
2, 0, 1712228402642
1, 0, 1713173869803
3, 3, 1712235745461
2, 0, 1712235745461
1, 0, 1713645887748
3, 3, 1713173869803
2, 0, 1713173869803
3, 3, 1713645887748
2, 0, 1713645887748
